10437
20900
9679
25476
4758
14146
30271
18424
2939
15648
13031
30198
350
32639
5964
14922
968
28837
2288
19778
19591
28508
15239
23740
24044
25450
18390
16451
30980
6720
1450
804
18440
5117
32000
14639
29432
2612
2267
5705
13783
30422
2907
12273
6205
25945
22527
11683
21281
21368
4945
25806
17244
26446
25920
2605
7909
22925
20827
14488
9724
17410
29583
14847
6942
24071
22966
22990
5078
24286
23195
2982
32212
30642
18470
16235
10909
11219
25087
22738
29736
7294
21089
7856
16234
29092
25834
16087
8550
14244
448
7087
6661
29780
29584
827
9236
8575
10445
21315
5449
30730
3702
1795
23173
28000
16303
7113
23824
21470
16326
2282
22393
26993
4764
18085
477
829
11414
17087
12753
17302
24885
27828
24304
29922
12796
21343
5738
17297
28897
22708
18182
23786
6439
27279
1503
30903
18869
15810
14042
10200
422
17425
17668
13910
23791
1700
2593
3002
28089
12280
18089
6105
10308
16829
29095
14324
9623
4028
11163
723
29824
32719
32145
30083
29761
29410
21953
4138
29094
26936
26809
26589
26747
3785
12287
14182
8220
8469
27875
25714
3321
24346
20438
29422
31852
15836
24966
26070
25416
9426
31981
15114
10929
19845
2629
18955
18187
19544
16217
32669
9260
25482
6791
15066
24592
31710
24201
1319
18243
2070
1644
21526
32320
19384
12788
6020
28871
8995
4039
25482
14910
22383
23062
29937
2744
27858
29333
18428
7071
5394
29331
9013
2988
21875
12108
17146
12139
15953
20568
25383
15557
25039
29698
19946
27741
2412
20982
30511
19751
18576
918
10916
3486
5073
8217
23789
22920
7137
24128
21488
21737
6084
27183
26629
13610
682
29316
20486
15734
8041
26151
6129
23389
23813
10164
16474
29610
21577
12237
17405
11048
32717
6106
31643
348
30771
2719
21869
3889
30646
3244
29453
5433
4434
21189
2766
30042
2946
11655
4391
7419
25648
11479
1867
1660
24672
16854
927
30688
10420
21276
22015
2862
9938
12799
5706
285
22211
8934
11320
10472
12617
20314
8237
32158
15608
16286
24043
8597
18201
29435
24642
13306
4631
15977
31715
6320
20739
19914
14788
6291
5340
30892
5650
11359
6633
7047
21356
22969
13719
24788
498
26047
862
10314
7918
13413
1675
11341
13015
19698
16550
26906
12602
22538
12704
14133
32149
18817
13396
2404
12330
6488
5081
7062
14879
26203
25825
9540
6225
32620
8605
19523
29059
24012
5267
20622
16733
19984
2174
11945
367
8136
11004
17367
22646
19043
15806
1917
12471
27236
26397
9847
3568
14423
27656
4752
23442
27545
3666
15437
29063
26049
1721
2480
7665
14721
20393
4930
2472
1909
18579
16134
23297
20978
29090
21781
2770
32191
6575
16067
12126
26855
19201
19682
14005
11619
18857
9836
32581
15253
24978
16755
26063
6178
1542
12001
16767
32588
5437
30576
26127
30021
2053
14867
26656
20042
6683
30219
27898
5528
20553
10147
31790
17698
25521
968
31999
30499
7117
24707
29165
7597
25710
4448
16428
10637
2708
11446
256
10433
6766
25104
14027
29334
31514
2064
22341
32006
8392
23023
5445
3950
9884
333
2092
12042
20067
18064
22856
12726
22190
21438
7885
10889
18693
28415
22579
15749
27685
5708
24751
3923
16684
21323
8143
21414
19078
19255
16381
10132
27139
551
22755
21812
1027
2984
23430
17462
18803
19125
17034
12325
26264
7603
26903
3751
6862
24039
27960
12542
54
26880
6280
14364
16256
29619
8159
2420
9806
26874
13925
12561
23037
1216
5575
19429
16709
22126
22060
5341
16388
20841
25548
31836
7663
27203
32221
25214
27853
5564
29339
8626
16773
9650
22272
21312
8176
20431
17914
22119
2778
29599
21608
13850
6763
7012
27982
8117
15321
21773
22805
2898
26393
20952
28543
32392
21192
31546
23688
28050
15402
6732
32546
12993
17191
27387
15608
15876
13265
1620
5698
114
20850
5955
20861
9589
12908
31884
2822
29299
5587
23162
5647
25392
28280
8684
10541
21462
16455
30386
21322
24104
14945
24348
13431
4318
1241
26422
9714
22406
16430
19864
21579
7603
28973
624
6920
13635
28940
1319
25979
9672
4966
7015
16658
4990
20717
5718
29328
2943
20117
17392
576
21447
17511
29787
10432
2918
25511
1933
30562
23717
4668
22388
8321
1801
25111
31146
7833
154
6111
25071
5134
22072
806
25521
9402
15242
8394
15340
8908
4716
8094
18742
3891
30885
13334
18698
26665
28740
11494
28431
27606
18849
4439
61
22012
16897
28989
23914
1791
22679
9634
25323
24019
503
11720
24010
1820
17058
23104
10862
11171
1410
19848
12036
16183
28596
14589
6493
23298
31389
26077
7156
14591
6591
2221
10275
18419
17578
12412
8224
21444
7332
2126
20601
23047
14611
9104
21400
10579
14718
8916
15140
16765
32296
12012
11135
9553
27068
19531
27464
167
5026
2403
29570
27788
25035
28421
15184
8481
10836
12788
4954
6882
32073
31893
19563
15094
5428
11208
24829
16386
509
6578
2307
17502
32049
15109
32054
3195
6296
18781
14796
4688
22935
24039
3442
18310
18286
7180
23442
22888
25567
30974
5783
11148
13454
29052
2859
15217
13220
29597
1061
7225
27563
25869
30952
19032
3663
32334
14091
22595
15352
14465
14242
31697
4593
26022
7235
1778
1896
19819
25051
3489
31100
15484
1525
12126
29553
3291
1882
16694
12
19274
3782
9614
9997
28250
6100
550
9242
22168
22142
29436
4710
4438
22902
27656
1102
17631
10159
4736
19497
14445
6846
25265
21297
24573
2103
25203
678
347
4549
11276
760
4676
15900
17111
19230
8143
2550
9765
32669
19424
28943
11711
22341
12506
24844
6907
26434
14152
26609
148
5458
26376
24688
5956
8578
28621
12093
21375
28483
8492
28155
855
31875
12123
2997
21225
22240
3352
24584
23929
23192
20586
25598
25125
3345
3348
17931
13807
28732
3928
6458
12560
19895
27222
24921
19250
21104
21107
13885
24545
26163
19095
8609
20985
24227
11678
4317
15460
30841
28662
14321
16799
23795
509
9987
24044
18064
8943
2253
26923
16667
645
4574
8483
13752
26908
19232
23156
9101
12858
15696
1805
27071
12483
125
4355
6413
20753
27172
2569
1496
19730
6511
21631
839
16447
27511
30730
1750
21548
9302
4949
17713
9201
18887
15012
482
8278
2689
16611
203
11614
